1 2 3 4 
5 6 7 8 
9 10 11 12 
13 14 15 16 
-1 -5
-2 -6
-3 -7
-4 -8
-1 -9
-2 -10
-3 -11
-4 -12
-1 -13
-2 -14
-3 -15
-4 -16
-5 -1
-6 -2
-7 -3
-8 -4
-5 -9
-6 -10
-7 -11
-8 -12
-5 -13
-6 -14
-7 -15
-8 -16
-9 -1
-10 -2
-11 -3
-12 -4
-9 -5
-10 -6
-11 -7
-12 -8
-9 -13
-10 -14
-11 -15
-12 -16
-13 -1
-14 -2
-15 -3
-16 -4
-13 -5
-14 -6
-15 -7
-16 -8
-13 -9
-14 -10
-15 -11
-16 -12
-1 -6
-2 -7
-3 -8
-1 -14
-2 -15
-3 -16
-5 -14
-6 -15
-7 -16
-13 -2
-14 -3
-15 -4
-13 -6
-14 -7
-15 -8
-13 -10
-14 -11
-15 -12
0
1 A 1
2 A 2
3 A 3
4 A 4
5 B 1
6 B 2
7 B 3
8 B 4
9 C 1
10 C 2
11 C 3
12 C 4
13 D 1
14 D 2
15 D 3
16 D 4
